0 bone locator1_group -1,0,0,0,0,1,0,0,0,0,-1,0.5625,0,0,0,1
0 locator locator1 -6.888638245203862e-17,0.1875,0.5625 0,0
1 bone locator1_group -1,0,0,0,0,1,0,0,0,0,-1,0.5625,0,0,0,1
1 locator locator1 -6.888638245203862e-17,0.1875,0.5625 0,0
2 bone locator1_group -1,0,0,0,0,1,0,0,0,0,-1,0.5625,0,0,0,1
2 locator locator1 -6.888638245203862e-17,0.1875,0.5625 0,0
3 bone locator1_group -1,0,0,0,0,1,0,0,0,0,-1,0.5625,0,0,0,1
3 locator locator1 -6.888638245203862e-17,0.1875,0.5625 0,0
4 bone locator1_group -1,0,0,0,0,1,0,0,0,0,-1,0.5625,0,0,0,1
4 locator locator1 -6.888638245203862e-17,0.1875,0.5625 0,0
5 bone locator1_group -1,0,0,0,0,1,0,0,0,0,-1,0.5625,0,0,0,1
5 locator locator1 -6.888638245203862e-17,0.1875,0.5625 0,0
6 bone locator1_group -1,0,0,0,0,1,0,0,0,0,-1,0.5625,0,0,0,1
6 locator locator1 -6.888638245203862e-17,0.1875,0.5625 0,0
7 bone locator1_group -1,0,0,0,0,1,0,0,0,0,-1,0.5625,0,0,0,1
7 locator locator1 -6.888638245203862e-17,0.1875,0.5625 0,0
8 bone locator1_group -1,0,0,0,0,1,0,0,0,0,-1,0.5625,0,0,0,1
8 locator locator1 -6.888638245203862e-17,0.1875,0.5625 0,0
9 bone locator1_group -1,0,0,0,0,1,0,0,0,0,-1,0.5625,0,0,0,1
9 locator locator1 -6.888638245203862e-17,0.1875,0.5625 0,0
10 bone locator1_group -1,0,0,0,0,1,0,0,0,0,-1,0.5625,0,0,0,1
10 locator locator1 -6.888638245203862e-17,0.1875,0.5625 0,0
11 bone locator1_group -1,0,0,0,0,1,0,0,0,0,-1,0.5125,0,0,0,1
11 locator locator1 -6.276314845630184e-17,0.1875,0.5125 0,0
12 bone locator1_group -1,0,0,0,0,1,0,0,0,0,-1,0.4625,0,0,0,1
12 locator locator1 -5.663991446056509e-17,0.1875,0.4625 0,0
13 bone locator1_group -1,0,0,0,0,1,0,0,0,0,-1,0.4125,0,0,0,1
13 locator locator1 -5.051668046482832e-17,0.1875,0.4125 0,0
14 bone locator1_group -1,0,0,0,0,1,0,0,0,0,-1,0.3625,0,0,0,1
14 locator locator1 -4.439344646909156e-17,0.1875,0.36250000000000004 0,0
15 bone locator1_group -1,0,0,0,0,1,0,0,0,0,-1,0.3125,0,0,0,1
15 locator locator1 -3.827021247335479e-17,0.1875,0.3125 0,0
16 bone locator1_group -1,0,0,0,0,1,0,0,0,0,-1,0.2625,0,0,0,1
16 locator locator1 -3.214697847761802e-17,0.1875,0.26249999999999996 0,0
17 bone locator1_group -1,0,0,0,0,1,0,0,0,0,-1,0.2125,0,0,0,1
17 locator locator1 -2.602374448188126e-17,0.1875,0.21250000000000002 0,0
18 bone locator1_group -1,0,0,0,0,1,0,0,0,0,-1,0.1625,0,0,0,1
18 locator locator1 -1.9900510486144486e-17,0.1875,0.16249999999999998 0,0
19 bone locator1_group -1,0,0,0,0,1,0,0,0,0,-1,0.1125,0,0,0,1
19 locator locator1 -1.3777276490407729e-17,0.1875,0.11250000000000004 0,0
20 bone locator1_group -1,0,0,0,0,1,0,0,0,0,-1,0.0625,0,0,0,1
20 locator locator1 -7.654042494670958e-18,0.1875,0.0625 0,0
